[1.1733205318450928,
 0.27515867352485657,
 0.13554856181144714,
 0.11201567947864532,
 0.09637510776519775,
 0.09263041615486145,
 0.06837119907140732,
 0.03136507049202919,
 0.0317227877676487,
 0.026051055639982224,
 0.01860320381820202,
 0.0139091145247221,
 0.010860164649784565,
 0.010496290400624275,
 0.008237628266215324,
 0.007690981030464172,
 0.007492962758988142,
 0.007624148856848478,
 0.007280693389475346,
 0.006525871343910694,
 0.006417403928935528,
 0.005626546684652567,
 0.009085791185498238,
 0.007745516486465931,
 0.00462161423638463,
 0.006956590339541435,
 0.004404217936098576,
 0.005352082196623087,
 0.003563971258699894,
 0.0041373237036168575]
in vase train loss ba 16 channel va signal length of 200
which is useful for offline recognition
[0.4736779034137726,
 0.1328486055135727,
 0.19233661890029907,
 0.11277677863836288,
 0.15178093314170837,
 0.12118305265903473,
 0.0666222795844078,
 0.04318902641534805,
 0.033348556607961655,
 0.04297726973891258,
 0.03276071697473526,
 0.028653085231781006,
 0.027138233184814453,
 0.030264148488640785,
 0.025165803730487823,
 0.0258170198649168,
 0.03071107529103756,
 0.024844491854310036,
 0.02587112784385681,
 0.023657284677028656,
 0.028099996969103813,
 0.024162573739886284,
 0.02743307314813137,
 0.026302557438611984,
 0.028730258345603943,
 0.03859961777925491,
 0.02635573409497738,
 0.02811715565621853,
 0.027234971523284912,
 0.02457459829747677]
val loss daghighan ba sharayete bala

